0.0
0.0
0.0
0.0
0.637882590294
0.25902530551
0.654638993402
1.22443331561
361.150695886
2.84370626682
0.977610000255
0.875130304976
0.785897731642
0.0
0.0
0.0
0.0
0.668888151646
0.237244874239
0.691922603098
1.20899905288
135.431510957
1.06638985006
0.991603750096
0.754670047489
0.812226066897
24.9951934814
1749.78369141
1.07600192638
-19819704.8422
0.612236261368
0.831399202347
0.598794497665
0.000527470768
104.92733564
1.1044982699
0.988374990512
0.923728874219
0.729011918493
0.0
0.0
0.0
0.0
0.605212569237
0.281808465719
0.631928604516
1.25702393064
340.315078816
2.67964628989
0.97890173101
0.908913565996
0.765659361784
0.0
0.0
0.0
0.0
0.681350290775
0.228453338146
0.700444991952
1.19698603326
156.267128028
1.23044982699
0.990312019341
0.745960925697
0.819223375625
23.9822387695
1823.07617188
1.21870193687
-24779822.0148
0.63538479805
0.794744849205
0.615998447112
0.000499940716084
177.470203768
1.77470203768
0.982254754148
0.922405641703
0.749419454056
24.0295410156
1677.79858398
1.20775357406
-21255234.4831
0.533546388149
1.10404205322
0.519250762365
1.01368478713
101.93254902
1.49453287197
0.968583368522
1.50321636427
0.693979238754
8.46557617188
710.475585938
2.99203249015
-15267456.418
0.652502059937
0.680500030518
0.65286729769
1.05948270852
61.3281968474
1.14429834679
0.969817198443
1.18181266925
0.800276816609
27.2567749023
1942.36694336
1.01118285733
-23118956.4574
0.587489724159
0.97000515461
0.576936359585
0.0672106289105
61.7647058824
0.876585928489
0.982946110344
1.08655306001
0.715847750865
19.9024200439
1083.59240723
1.08923177288
-7666981.57344
0.563024282455
0.866368412971
0.550198665908
0.99583187057
82.3464206075
1.10554402153
0.984378805817
1.1510980798
0.693979238754
10.6430053711
901.588378906
2.59314285568
-18962338.224
0.65745896101
0.677350342274
0.654218351354
1.02502266596
72.3226451365
1.06789696271
0.978212349776
1.10949342423
0.800276816609
26.8005371094
1884.42285156
1.02327195769
-22202973.9158
0.578721642494
1.02165615559
0.567259796597
0.00319043130496
55.6324490581
0.908112264514
0.979768140787
1.15227799578
0.715847750865
