0.0 0.0 0.0 0.0 0.0 0.0 0.0 0.0 3.375 3.03125 2.921875 2.890625 2.890625 2.203125 2.0625 2.921875 2.828125 2.265625 2.6875 2.34375 2.796875 2.703125 2.921875 2.671875 3.46875 3.125 2.46875 2.8125 2.609375 2.3125 2.265625 2.65625 
0.0 0.0 0.0 0.0 0.0 0.0 0.0 0.0 2.171875 2.5 2.625 2.46875 3.03125 2.515625 2.21875 2.828125 2.703125 2.484375 2.609375 3.453125 3.390625 2.25 1.984375 2.203125 2.3125 2.515625 2.265625 2.8125 2.84375 3.03125 3.109375 3.21875 
0.0 0.0 0.0 0.0 0.0 0.0 0.0 0.0 3.28125 2.28125 2.671875 2.90625 2.578125 2.140625 1.9375 3.03125 2.328125 3.0625 3.3125 3.515625 2.6875 2.078125 2.921875 2.25 3.078125 3.34375 3.03125 3.1875 3.28125 2.65625 3.421875 2.296875 
0.0 0.0 0.0 0.0 0.0 0.0 0.0 0.0 2.796875 2.359375 2.515625 2.25 3.328125 2.65625 2.71875 2.328125 2.34375 2.8125 2.78125 3.296875 2.96875 2.953125 3.546875 2.296875 3.109375 2.65625 2.796875 3.15625 2.578125 2.40625 2.953125 2.84375 
0.0 0.0 0.0 0.0 0.0 0.0 0.0 0.0 2.71875 2.4375 2.328125 2.421875 2.734375 2.015625 2.625 3.0 3.1875 1.671875 2.453125 2.703125 2.375 2.703125 3.0 2.15625 2.375 2.890625 2.375 2.546875 2.34375 3.015625 2.6875 2.921875 
0.0 0.0 0.0 0.0 0.0 0.0 0.0 0.0 2.421875 3.234375 2.703125 2.875 2.09375 2.65625 2.34375 2.0 2.75 2.84375 1.96875 2.546875 2.671875 2.828125 2.515625 2.609375 2.453125 2.71875 2.9375 2.375 2.796875 3.4375 2.375 3.5625 
0.0 0.0 0.0 0.0 0.0 0.0 0.0 0.0 2.921875 3.296875 3.484375 2.546875 2.875 2.3125 2.40625 2.578125 2.34375 2.609375 2.984375 2.9375 2.296875 2.265625 2.96875 3.40625 2.59375 2.8125 2.34375 2.046875 2.484375 2.828125 2.765625 2.28125 
0.0 0.0 0.0 0.0 0.0 0.0 0.0 0.0 2.578125 2.984375 3.234375 2.859375 3.09375 3.03125 2.5 2.453125 2.546875 3.09375 2.828125 2.828125 1.359375 3.265625 2.921875 3.21875 2.828125 2.765625 3.59375 3.03125 3.09375 2.171875 2.421875 3.078125 
0.0 0.0 0.0 0.0 0.0 0.0 0.0 0.0 2.515625 2.875 2.421875 2.484375 3.296875 3.640625 3.15625 2.5625 2.546875 2.5 3.015625 2.125 2.875 3.71875 2.4375 2.859375 3.90625 2.484375 2.484375 3.046875 3.578125 3.265625 2.875 3.3125 
0.0 0.0 0.0 0.0 0.0 0.0 0.0 0.0 3.0 2.03125 2.75 2.5625 2.40625 3.65625 2.8125 2.71875 2.546875 2.875 2.109375 2.5625 2.546875 3.640625 2.390625 2.890625 2.9375 2.484375 2.671875 2.828125 2.890625 2.578125 2.828125 2.390625 
0.0 0.0 0.0 0.0 0.0 0.0 0.0 0.0 2.625 2.359375 2.578125 2.53125 3.09375 2.71875 2.375 2.703125 2.890625 2.71875 2.78125 2.34375 2.796875 3.0625 3.140625 2.59375 3.734375 4.015625 2.390625 3.4375 3.03125 2.328125 2.28125 2.921875 
0.0 0.0 0.0 0.0 0.0 0.0 0.0 0.0 2.609375 2.328125 3.546875 2.265625 2.734375 2.953125 2.625 3.09375 3.1875 2.09375 2.796875 3.1875 3.34375 3.0 2.53125 2.359375 2.390625 2.609375 2.890625 3.046875 3.03125 2.546875 2.328125 3.359375 
0.0 0.0 0.0 0.0 0.0 0.0 0.0 0.0 2.59375 2.21875 3.296875 3.390625 2.9375 2.984375 2.671875 2.46875 3.09375 2.796875 2.515625 2.625 2.71875 3.0625 2.484375 2.71875 3.59375 2.1875 2.859375 3.234375 2.84375 2.796875 2.859375 2.75 
0.0 0.0 0.0 0.0 0.0 0.0 0.0 0.0 2.5 3.015625 3.0 2.765625 2.96875 2.125 2.828125 3.109375 2.953125 2.328125 2.984375 3.0625 2.8125 3.265625 2.5 3.46875 3.03125 3.03125 2.828125 2.75 2.453125 3.75 3.328125 3.640625 
0.0 0.0 0.0 0.0 0.0 0.0 0.0 0.0 2.6875 2.796875 3.1875 3.171875 2.75 3.21875 2.875 3.65625 3.078125 3.171875 3.109375 2.4375 1.828125 3.3125 2.140625 3.46875 2.546875 2.109375 3.65625 4.921875 6.65625 6.25 11.203125 24.40625 
0.0 0.0 0.0 0.0 0.0 0.0 0.0 0.0 2.734375 3.3125 2.59375 3.3125 4.109375 3.03125 2.578125 4.578125 2.640625 2.875 2.59375 3.359375 3.625 2.609375 3.0625 2.640625 3.9375 3.390625 7.3125 15.25 45.234375 59.625 69.921875 54.296875 
0.0 0.0 0.0 0.0 0.0 0.0 0.0 0.0 2.984375 3.828125 3.78125 3.203125 2.75 2.28125 2.921875 2.890625 3.0625 3.796875 2.6875 3.125 2.359375 3.109375 3.1875 4.3125 4.46875 13.765625 49.34375 56.375 30.78125 23.984375 10.5 15.921875 
0.0 0.0 0.0 0.0 0.0 0.0 0.0 0.0 3.125 4.234375 4.0625 5.703125 4.453125 4.984375 4.359375 3.453125 3.21875 3.15625 3.578125 3.953125 4.203125 4.25 4.625 9.359375 42.5625 57.1875 34.21875 20.140625 24.15625 28.78125 48.296875 65.984375 
0.0 0.0 0.0 0.0 0.0 0.0 0.0 0.0 4.671875 3.796875 3.65625 4.34375 5.375 3.796875 4.28125 3.671875 4.75 3.75 3.703125 4.0 5.578125 4.421875 8.296875 50.71875 47.359375 23.6875 24.21875 54.046875 60.09375 76.421875 90.59375 84.734375 
0.0 0.0 0.0 0.0 0.0 0.0 0.0 0.0 4.1875 3.75 3.578125 3.84375 3.59375 3.515625 3.453125 3.15625 3.9375 3.6875 4.3125 6.015625 5.15625 6.15625 45.25 32.53125 20.109375 42.140625 69.796875 92.84375 96.125 80.21875 106.3125 112.296875 
0.0 0.0 0.0 0.0 0.0 0.0 0.0 0.0 6.34375 4.734375 4.515625 5.40625 2.765625 4.328125 4.578125 3.625 5.078125 4.265625 3.875 6.59375 6.421875 36.3125 38.84375 40.03125 49.203125 92.4375 105.328125 107.203125 87.109375 84.6875 109.65625 103.1875 
0.0 0.0 0.0 0.0 0.0 0.0 0.0 0.0 4.234375 3.0625 4.734375 3.96875 4.109375 3.078125 3.234375 3.25 5.109375 3.890625 3.875 3.703125 18.765625 56.46875 17.96875 33.765625 89.03125 106.578125 120.578125 107.953125 87.875 99.484375 118.15625 106.25 
0.0 0.0 0.0 0.0 0.0 0.0 0.0 0.0 3.140625 2.859375 4.203125 4.5 3.078125 4.140625 3.1875 4.171875 5.1875 3.890625 5.84375 7.3125 60.609375 47.75 23.671875 71.9375 90.953125 84.09375 110.5625 104.3125 84.703125 86.8125 125.03125 126.453125 
0.0 0.0 0.0 0.0 0.0 0.0 0.0 0.0 3.03125 3.328125 4.375 3.4375 4.109375 3.296875 3.953125 2.890625 4.5 3.625 6.390625 35.46875 69.03125 34.984375 45.8125 77.203125 105.171875 109.1875 106.4375 126.953125 118.453125 118.46875 124.984375 117.390625 
0.0 0.0 0.0 0.0 0.0 0.0 0.0 0.0 3.453125 3.0625 4.765625 4.671875 4.421875 3.953125 3.59375 4.5625 4.015625 7.28125 10.5625 72.765625 76.125 23.75 88.15625 92.859375 85.0625 92.734375 110.171875 125.53125 126.265625 126.34375 130.328125 119.375 
0.0 0.0 0.0 0.0 0.0 0.0 0.0 0.0 3.140625 3.375 3.953125 4.9375 3.828125 4.421875 4.78125 3.28125 4.34375 7.96875 45.203125 91.953125 66.671875 45.703125 91.96875 115.796875 114.859375 111.46875 115.0625 127.15625 125.765625 128.09375 127.453125 129.4375 
0.0 0.0 0.0 0.0 0.0 0.0 0.0 0.0 3.34375 4.03125 3.953125 4.296875 5.03125 4.234375 3.078125 4.625 4.546875 15.359375 92.0625 95.921875 51.953125 74.0625 95.0625 103.046875 118.421875 122.640625 131.078125 128.5625 125.359375 128.0 125.703125 126.265625 
0.0 0.0 0.0 0.0 0.0 0.0 0.0 0.0 4.015625 4.234375 4.421875 4.453125 3.28125 4.625 3.546875 4.4375 8.375 49.0625 100.65625 104.359375 44.21875 79.0625 84.890625 107.75 121.1875 122.359375 129.96875 128.21875 125.328125 126.296875 123.78125 130.375 
0.0 0.0 0.0 0.0 0.0 0.0 0.0 0.0 3.15625 3.375 3.296875 4.359375 3.75 4.171875 5.46875 4.359375 8.609375 68.5625 113.96875 108.4375 50.375 86.390625 105.40625 109.9375 115.265625 125.78125 125.046875 124.71875 123.984375 128.546875 126.515625 113.640625 
0.0 0.0 0.0 0.0 0.0 0.0 0.0 0.0 3.984375 3.390625 3.796875 4.59375 3.65625 2.9375 4.21875 5.09375 23.109375 95.53125 100.359375 93.625 45.828125 89.265625 86.78125 87.34375 111.734375 115.5 103.40625 112.34375 123.34375 123.609375 111.890625 89.953125 
0.0 0.0 0.0 0.0 0.0 0.0 0.0 0.0 5.484375 3.046875 3.4375 7.953125 3.625 3.484375 6.0 6.65625 53.34375 93.765625 110.84375 57.078125 68.015625 113.0 100.828125 114.171875 89.71875 74.484375 71.546875 76.265625 115.3125 122.875 113.28125 93.28125 
0.0 0.0 0.0 0.0 0.0 0.0 0.0 0.0 3.859375 4.390625 4.78125 6.703125 4.453125 5.421875 7.34375 9.5 71.546875 111.328125 112.28125 42.71875 97.375 119.859375 115.171875 91.203125 61.953125 59.375 59.71875 54.546875 99.546875 119.8125 121.140625 104.90625 
