0.0
0.0
0.0
0.0
0.581285238266
0.298366367817
0.612624787113
1.27890569271
382.482399077
3.01167243368
0.976287514006
0.950356571284
0.748696655133
0.0
0.0
0.0
0.0
0.650299906731
0.250319451094
0.679225845795
1.2273819259
108.642860438
0.855455594002
0.99326454678
0.768037087113
0.801522491349
26.4404296875
1812.74438477
0.989261834426
-19505671.0214
0.5982837677
0.853152036667
0.589117550476
0.00051747648174
65.7877739331
0.692502883506
0.992711303575
0.917239848163
0.715847750865
23.6343383789
1773.06860352
1.28480223303
-24774880.8731
0.555363059044
0.845724344254
0.542126894145
0.998381991435
162.399108035
1.65668589004
0.978697038725
1.2414649106
0.697700884275
0.0
0.0
0.0
0.0
0.666270017624
0.239089310169
0.689763066966
1.21121876633
137.41585544
1.08201460977
0.991480728119
0.75897545366
0.810549788543
27.8076171875
2007.49804688
0.990618405138
-23954503.0187
0.598500370979
0.852816224098
0.589151884297
0.000467072880677
74.7404844291
0.747404844291
0.992526698887
0.918178308622
0.71600153787
14.9070739746
523.1328125
0.882553652743
-1460482.7836
0.581493735313
0.879007220268
0.568662865627
0.00182264327591
27.6816608997
0.553633217993
0.988931762935
0.96830324193
0.693979238754
9.765625
392.913818359
1.53711365728
-1557418.88728
0.685668945313
0.712453424931
0.678084485827
0.00229386953942
14.3790849673
0.287581699346
0.994250665747
0.764739167021
0.800276816609
24.6368408203
1617.07092285
1.07584666772
-17830092.7271
0.559810400009
1.13013470173
0.546501904437
0.0015695930038
54.8442906574
1.00807381776
0.974900948506
1.29073455841
0.715847750865
21.8574523926
1136.40283203
0.909568243576
-7170562.14917
0.570302844048
0.985308587551
0.556352296052
0.0136038099161
61.7262591311
0.926566705113
0.983908764978
1.10956588397
0.693979238754
8.89282226563
801.786804199
2.93723730738
-18396177.9613
0.655430197716
0.56273663044
0.656846392472
1.05666430392
68.6941945406
0.973779315648
0.979582397931
1.03267034738
0.800276816609
27.83203125
2008.58117676
0.989261612871
-23947847.5214
0.5982837677
0.853152036667
0.589117550476
0.00046702252477
72.8950403691
0.728950403691
0.992711224841
0.917239848163
0.715847750865
